% Copyright Amazon.com, Inc. or its affiliates. All Rights Reserved.
% SPDX-License-Identifier: Apache-2.0

Color1 = [0 0.4470 0.7410]; 
Color2 = [0.8500 0.3250 0.0980];
Color3 = [0.4660 0.6740 0.1880];
Color4 = [0.25, 0.25, 0.25];
transparency = 0.25;


Plt_size_2by2 = [280.2000 309.8000 975.2000 588.8000];
Plt_size_2by1 = [280.2000 309.8000 975.2000 588.8000];
Plt_size_1by1_long = [296.3333 464.5000 929.6667 301.1667];
Plt_size_Brier = [280.2000 495.3284 1.0175e+03 403.2716];